i1:
 joint_xyz: 0.0 0.0 0.30000001192092896
 joint_rpy: 0.0 -0.0 0.0
 link_xyz: 0 0 0 
 link_rpy: 0 0 0 
 link_length: 0.2 
 radius: 0.05 
i2:
 joint_xyz: 0.0 0.0 0.20000000298023224
 joint_rpy: 0.0 -0.0 1.559999704360962
 link_xyz: 0 0 0 
 link_rpy: 0 0 0 
 link_length: 0.2 
 radius: 0.1 
i3:
 joint_xyz: 0.4 0.0 0.0
 joint_rpy: 0.0 -0.0 1.559999704360962
 link_xyz: 0 0 0 
 link_rpy: 0 0 0 
 link_length: 0.2 
 radius: 0.1 
